INFO: 2022-12-26 21:03:57,767: Data
INFO: 2022-12-26 21:03:57,773: Data shape (110527, 14)
INFO: 2022-12-26 21:03:57,856: Percentage of women: 0.653882342398853
INFO: 2022-12-26 21:03:57,885: Percentage of men: 0.346117657601147
ERROR: 2022-12-26 21:04:33,177: Data shape is incorrect!
